1;Catalonia;9.5;52.75;51.5;43.25;42;52.75;51.5;43.25;42
2;Hammersmith;10;51.75;49.5;43.25;42;56.25;54.25;38.25;36.25
3;Madrid;9.5;55.75;52;38.75;36;60.5;56.5;34;31.5
4;Manchester;9.5;56.75;55;37.75;36.5;61.25;59.25;33.25;32.25
5;Munchen;9;60.5;58.25;33;31.75;60.5;58.25;33;31.75
6;Milan;9;50.5;49;43;41;50.5;49;43;41
7;Lyon;9;63;60.25;27;25.75;63;60.25;27;25.75
8;Rome;9;54;51;36;34;54;51;36;34
9;Seville;9;52.75;50.5;35.25;33.5;52.75;50.5;35.25;33.5
10;Woolwich;8;47.25;45.5;40.75;38.5;47.25;45.5;40.75;38.5
11;Eindhoven;8;48.25;46;38.75;36.25;50;48.25;36.25;33.75
12;Merseyside;9;50.75;48.25;35.75;34.25;50.75;48.25;35.75;34.25
13;Valencia;8.5;50.5;48;35.5;33.5;50.5;48;35.5;33.5
14;Turin;8.5;51;49;34;32.5;52.5;50.25;32.5;31
15;Oporto;8.5;54.75;52.5;30.25;29;58.5;56;26;25
16;Lisbon;9;54;52;30.25;29;54;52;30.25;29
17;Gelsenkirchen;8.5;47.75;45.5;32.75;31;51.5;50;28;26.5
18;Amsterdam;8;44;42;36.5;35;44;42;36.5;35
19;Bremen;7.5;38.5;36;40;37.5;46.25;44.5;32.25;29
20;Spurs;8;46.75;44.75;31.25;29.75;50.25;48.25;27.25;26.25
21;Castellon;7.5;41.5;40;36;34;41.5;40;36;34
22;Moscow;8.5;54.75;52.5;22.75;21.5;54.75;52.5;22.75;21.5
23;Glasgow;7.5;46;44.5;30;28;46;44.5;30;28
24;Donetsk;7;48.25;46.5;26.25;25;52;49.5;22.5;21.5
25;Marseille;7.5;39;37;33.5;32;42.5;40.25;30;28.25
26;Bordeaux;7;50.25;47.5;22.25;20.5;50.25;47.5;22.25;20.5
27;Paris;6.5;34.75;33;37.25;36;34.75;33;37.25;36
28;Kiev;3;41.5;39.5;28.5;26.5;44.75;42.5;24.75;23
29;Athens;7.5;49;46.75;21;19.75;49;46.75;21;19.75
30;Istanbul;6.5;44.75;43.25;25.25;24.25;44.75;43.25;25.25;24.25
31;Bucharest;6.5;38;36.25;27;24.75;40;32.25;20.5;18.75